((("100" .
   [1 0 0])
  ("val" .
   [3 0 0])
  ("succ" .
   [1 0 0 0])
  ("svref" .
   [1 0 0 0 0])
  ("primes" .
   [1 0 0 0 0 0])
  ("null" .
   [1 0 0 0])
  ("cdr" .
   [1 0 0])
  ("1-" .
   [3 0])
  ("primes-ary" .
   [5 0 0 0 0 0 0 0 1 0])
  ("primesary" .
   [1 0 0 0 0 0 0 0 0])
  ("let*" .
   [1 0 0 0])
  ("primes-lst" .
   [3 0 0 0 0 0 0 0 0 0])
  ("length" .
   [3 0 0 0 0 0])
  ("make-array" .
   [1 0 0 0 0 0 0 0 0 0])
  ("linum-mode" .
   [1 0 0 0 0 0 0 0 0 0])
  ("c-mode" .
   [1 0 0 0 0 0])
  ("linum" .
   [1 0 0 0 0])
  ("buffer" .
   [1 0 0 0 0 0])
  ("arg_parse" .
   [0 0 0 0 0 0 1 0 0])
  ("c" .
   [2])
  ("n_args" .
   [2 0 0 0 0 0])
  ("reading" .
   [4 0 0 0 0 0 0])
  ("reading_arg" .
   [1 0 0 0 0 0 0 0 0 0 0])
  ("do" .
   [3 0])
  ("line" .
   [1 0 0 0])
  ("1" .
   [5])
  ("produc" .
   [0 0 0 0 0 1])
  ("b" .
   [2])
  ("a" .
   [2])
  ("let" .
   [7 0 0])
  ("-" .
   [4])
  ("best-pair" .
   [2 0 0 0 0 0 0 0 0])
  ("attempt" .
   [4 0 0 0 0 0 0])
  ("setf" .
   [6 0 0 0])
  ("best" .
   [16 0 0 0])
  ("produced-primes" .
   [1 0 0 0 0 0 0 0 0 0 0 1 0 0 0])
  ("when" .
   [9 0 0 0])
  ("2000" .
   [1 0 0 0])
  ("dotimes" .
   [1 0 0 0 0 0 0])
  ("b1" .
   [1 0])
  ("1000" .
   [6 0 0 0])
  ("-1000" .
   [1 0 0 0 0])
  ("range" .
   [11 0 0 0 0])
  ("auto-complete" .
   [0 0 0 0 0 0 0 0 0 0 0 1 1])
  ("my-keys-minor-mode-map" .
   [0 0 0 0 0 0 0 0 0 0 0 0 0 0 0 0 0 0 0 0 0 1])
  ("my-keys" .
   [0 0 0 0 0 0 1])
  ("folding" .
   [1 0 0 0 0 0 0])
  ("writer_thr" .
   [1 0 0 0 0 0 0 0 0 0])
  ("read_thr" .
   [1 0 0 0 0 0 0 0])
  ("unistd" .
   [1 0 0 0 0 0])
  ("get" .
   [1 0 0])
  ("retval" .
   [1 0 0 0 0 0])
  ("atoi" .
   [1 0 0 0])
  ("h" .
   [1])
  ("writer" .
   [4 0 0 0 0 0])
  ("pthread_create" .
   [3 0 0 0 0 0 0 0 0 0 0 0 0 0])
  ("reader" .
   [10 0 0 0 0 0])
  ("arg" .
   [5 0 0])
  ("DEFAULTPORT" .
   [0 0 0 0 0 0 1 0 0 0 0])
  ("progname" .
   [0 0 0 0 1 0 0 0])
  ("usage" .
   [2 0 0 0 0])
  ("argv" .
   [4 0 0 0])
  ("argc" .
   [2 0 0 0])
  ("cmd" .
   [1 0 0])
  ("printf" .
   [19 0 0 0 0 0])
  ("port" .
   [3 0 0 0])
  ("debug" .
   [14 0 0 0 0])
  ("read" .
   [3 0 0 0])
  ("while" .
   [5 0 0 0 0])
  ("200" .
   [1 0 0])
  ("ext" .
   [3 0 0])
  ("strncpy" .
   [3 0 0 0 1 1 0])
  ("else" .
   [6 0 0 0])
  ("strcmp" .
   [9 0 0 0 0 0])
  ("strstr" .
   [1 0 0 0 0 0])
  ("path" .
   [5 0 0 0])
  ("get_mimetype" .
   [0 0 0 0 1 1 0 0 0 0 0 0])
  ("ERROR_404" .
   [2 0 0 0 0 0 0 0 1])
  ("if" .
   [38 0])
  ("fopen" .
   [1 0 0 0 0])
  ("send" .
   [2 0 0 0])
  ("ERROR_400" .
   [0 0 0 0 0 0 0 0 4])
  ("strlen" .
   [4 0 0 0 0 0])
  ("400" .
   [1 0 0])
  ("mimetype" .
   [3 0 0 0 1 0 0 0])
  ("send_head" .
   [3 0 0 0 0 0 0 0 0])
  ("send_file" .
   [3 0 0 0 0 0 0 0 0])
  ("fseek" .
   [1 0 0 0 0])
  ("ftell" .
   [1 0 0 0 0])
  ("size" .
   [13 0 0 0])
  ("file_size" .
   [2 0 0 0 0 0 0 0 0])
  ("int" .
   [12 0 0])
  ("FILE" .
   [5 0 0 0])
  ("host" .
   [1 0 0 0])
  ("const" .
   [7 0 0 0 0])
  ("failure" .
   [1 0 0 0 0 0 0])
  ("exit" .
   [9 0 0 0])
  ("stderr" .
   [6 0 0 0 0 0])
  ("tm_val" .
   [3 0 0 0 0 0])
  ("NULL" .
   [12 0 0 0])
  ("struct" .
   [1 0 0 0 0 0])
  ("time_t" .
   [1 0 0 0 0 0])
  ("timestr" .
   [4 0 0 0 0 0 0])
  ("log_file" .
   [0 0 0 0 0 0 0 1])
  ("close" .
   [4 0 0 0 0])
  ("buff" .
   [36 0 0 0])
  ("dns_rlookup" .
   [0 0 0 0 1 0 0 0 0 0 0])
  ("BUFFSIZE" .
   [3 0 0 3 9 1 0 3])
  ("time_buff" .
   [2 0 0 0 0 0 0 0 0])
  ("char" .
   [18 0 0 0])
  ("conn" .
   [30 0 0 0])
  ("addr" .
   [2 0 0 0])
  ("fprintf" .
   [6 0 1 0 1 0 0])
  ("void" .
   [14 0 0 0])
  ("indent-according-to-mode" .
   [0 0 0 0 0 0 0 0 0 0 0 1 0 0 0 0 0 0 0 0 0 0 0 0])
  ("newline" .
   [1 0 0 0 0 0 0])
  ("setq" .
   [1 0 0 0])
  ("slime" .
   [0 0 0 0 1])
  ("lambda" .
   [7 0 0 0 0 0])
  ("add-hook" .
   [1 0 0 0 0 1 2 0])
  ("defun" .
   [12 0 1 0 1])
  ("file" .
   [1 0 0 0])
  ("define-key" .
   [4 0 0 0 0 0 0 0 0 1])
  ("kbd" .
   [4 0 0])
  ("interactive" .
   [1 0 0 0 0 0 0 1 0 0 0])
  ("move-end-of-paragraph" .
   [0 0 0 0 0 0 0 0 0 0 0 0 0 0 0 0 1 0 0 0 0])
  ("forward-paragraph" .
   [0 0 0 0 0 0 0 0 0 0 0 0 1 0 0 0 0])
  ("slime-eval-last-expression" .
   [0 0 0 0 0 0 0 0 0 0 1 0 0 0 0 0 0 0 0 0 0 0 0 0 0 0])
  ("add-to-list" .
   [1 0 0 0 0 0 0 1 0 0 0])
  ("load-path" .
   [2 0 0 0 0 0 0 0 0])
  ("require" .
   [5 0 0 0 0 0 0])
  ("load-file" .
   [1 0 0 0 0 0 1 0 0])
  ("def" .
   [1 0 0])
  ("notfound" .
   [4 0 0 0 0 0 0 0])
  ("return" .
   [9 0 0 0 0 0])
  ("render" .
   [1 0 0 0 0 0])
  ("request" .
   [3 0 0 0 0 0 0])
  ("erc-highlight-nicknames" .
   [0 0 0 0 0 0 0 0 0 0 0 0 0 0 0 0 0 0 0 0 0 0 1])
  ("org-mode" .
   [1 0 0 0 0 0 0 0])
  ("define" .
   [1 0 0 0 0 0])
  ("recv_line" .
   [1 0 0 0 0 1 0 0 0])
  ("clients" .
   [11 0 0 0 0 0 0])
  ("handle" .
   [1 0 0 0 0 0])
  ("username" .
   [11 0 0 0 0 0 0 0])
  ("send_line" .
   [2 0 0 0 0 0 0 0 0])
  ("chat_msg" .
   [2 0 0 0 0 1 0 1])
  ("snprintf" .
   [2 0 0 0 1 0 0 0])
  ("is_admin" .
   [2 0 0 0 0 0 0 0])
  ("connected" .
   [3 0 0 0 0 0 0 0 0])
  ("f" .
   [1])
  ("msg" .
   [2 0 0])
  ("s" .
   [2])
  ("shutdown_server" .
   [1 0 0 0 0 0 0 0 0 0 0 0 0 0 0])
  ("for" .
   [7 nil 0])
  ("MAXCLIENT" .
   [0 0 0 1 0 0 0 0 0])
  ("fd" .
   [1 0])
  ("include" .
   [7 0 0 0 0 0 0])
  ("errno" .
   [1 0 0 0 0])
  ("string" .
   [2 0 0 0 0 0])
  ("Western" .
   [4 0 0 0 0 0 0])
  ("and" .
   [11 0 0])
  ("am" .
   [8 0])
  ("the" .
   [6 0 0])
  ("that" .
   [4 0 0 0])
  ("VTV" .
   [4 0 0])
  ("news" .
   [1 0 0 0])
  ("show" .
   [1 0 0 0])
  ("executive" .
   [1 0 0 0 0 0 0 0 0])
  ("producer" .
   [1 0 0 0 0 0 0 0])
  ("have" .
   [3 0 0 0])
  ("over" .
   [1 0 0 0])
  ("year" .
   [1 0 0 0])
  ("what" .
   [1 0 0 0])
  ("learing" .
   [1 0 0 0 0 0 0])
  ("to" .
   [4 0])
  ("find" .
   [1 0 0 0])
  ("myself" .
   [2 0 0 0 0 0])
  ("work" .
   [2 0 0 0])
  ("can" .
   [1 0 0])
  ("project." .
   [1 0 0 0 0 0 0 0])
  ("Farlin" .
   [1 0 0 0 0 0])
  ("lisp-mode-hook" .
   [1 0 0 0 0 0 0 0 0 0 0 0 0 0])
  ("auto-comp" .
   [0 0 0 0 0 0 0 0 1])
  ("auto-complete-mode" .
   [0 0 0 0 0 0 0 0 0 0 0 0 0 1 0 0 0 1])
  ("lst" .
   [11 0 0])
  ("0" .
   [24])
  ("f-table" .
   [2 0 0 0 0 0 0])
  ("gethash" .
   [2 0 0 0 0 0 0])
  ("factorial" .
   [0 0 0 0 1 0 0 0 0])
  ("n-lst" .
   [2 0 0 0 0])
  ("set-eql" .
   [1 0 0 0 0 0 0])
  ("*digits*" .
   [0 0 0 0 0 0 1 0])
  ("n" .
   [26])
  ("multipliers" .
   [5 0 0 4 1 0 0 0 0 0 0])
  ("multiplier-lst" .
   [1 0 0 0 3 1 0 0 0 0 0 0 0 0])
  ("remove" .
   [1 0 0 0 0 0])
  ("nil" .
   [2 0 0])
  ("cons" .
   [4 0 0 0])
  ("acc" .
   [5 0 0])
  ("mapcar" .
   [3 0 0 0 0 0])
  ("*" .
   [2])
  ("multipliers-lst" .
   [0 0 0 0 1 0 0 0 0 0 0 0 0 0 0])
  ("append" .
   [3 0 0 0 0 0])
  ("to-digits" .
   [1 0 0 0 0 0 0 0 0])
  ("products" .
   [5 0 0 0 0 0 0 0])
  ("dolist" .
   [3 0 1 0 0 0])
  ("push" .
   [1 0 0 0])
  ("concatenated-product" .
   [0 0 0 0 0 0 2 0 1 0 0 0 0 0 0 0 0 0 0 0])
  ("curry" .
   [1 0 0 0 0])
  ("&optional" .
   [2 0 0 0 1 0 0 0 0])
  (">" .
   [3])
  ("product" .
   [2 0 0 0 0 0 0])
  ("999999999" .
   [2 0 0 0 0 0 0 0 0])
  ("9" .
   [7])
  ("<" .
   [2])
  ("get-products" .
   [0 0 0 1 0 0 1 0 0 0 0 0])
  ("car" .
   [4 0 0])
  ("filter" .
   [1 0 0 0 0 0])
  ("pandigital-p" .
   [0 0 0 0 0 1 0 0 0 0 0 0])
  ("solve" .
   [5 0 0 0 0])
  ("get-pandigital-products" .
   [0 0 0 0 0 0 0 0 2 0 0 0 0 0 0 0 0 0 0 0 0 0 0])
  ("max" .
   [4 0 0])
  ("1+" .
   [8 0])
  ("maximum" .
   [4 0 0 0 0 0 0])
  ("best-args" .
   [2 0 0 0 0 0 0 0 0])
  ("99999" .
   [2 0 0 0 0])
  ("i" .
   [5])
  ("x" .
   [1])
  ("loop" .
   [3 0 0 0])
  ("from" .
   [3 0 0 0])
  ("expt" .
   [1 0 0 0])
  ("10" .
   [1 0])
  ("/" .
   [1])
  ("print" .
   [1 0 0 0 0])
  ("3" .
   [1])
  ("result" .
   [3 0 0 0 0 0])
  ("4" .
   [2])
  ("*1mil-n*" .
   [1 0 0 1 0 0 0 0])
  ("nth" .
   [10 0 0])
  ("nth-prime" .
   [2 0 0 0 0 0 0 0 0])
  ("prec" .
   [3 0 0 0])
  ("diff" .
   [5 0 0 0])
  ("consec-sum" .
   [0 0 0 0 0 0 1 0 0 0])
  ("n-consec" .
   [2 0 0 1 0 0 0 0])
  ("consec-primes" .
   [1 0 0 0 0 0 0 0 0 0 0 0 0])
  ("check-consec" .
   [1 0 0 0 0 0 0 0 0 0 0 0])
  ("w*c" .
   [2 0 0])
  ("w*b" .
   [1 0 0])))
